5

12 11
1000 1000 1000 1000 1000 1000 1000 1000 1000 1000 1000 1000
0 1
0 2
0 3
0 4
0 5
0 6
0 7
0 8
0 9
0 10
0 11

2 2
3 3
0 1
0 1

3 3
4 2 2
1 2
1 2
1 2

4 4
5 3 3 2
0 1
1 2
2 3
2 3

12 100
100 49 49 49 49 49 49 49 49 49 49 49
2 3
2 3
2 3
2 3
2 3
2 3
2 3
2 3
2 3
2 3
2 3
2 3
2 3
2 3
2 3
2 3
2 3
2 3
2 3
2 3
2 3
2 3
2 3
2 3
2 3
2 3
2 3
2 3
2 3
2 3
2 3
2 3
2 3
2 3
2 3
2 3
2 3
2 3
2 3
2 3
2 3
2 3
2 3
2 3
2 3
2 3
2 3
2 3
2 3
2 3
2 3
2 3
2 3
2 3
2 3
2 3
2 3
2 3
2 3
2 3
2 3
2 3
2 3
2 3
2 3
2 3
2 3
2 3
2 3
2 3
2 3
2 3
2 3
2 3
2 3
2 3
2 3
2 3
2 3
2 3
2 3
2 3
2 3
2 3
2 3
2 3
2 3
2 3
2 3
2 3
2 3
2 3
2 3
2 3
2 3
2 3
2 3
2 3
2 3
2 3
